Run 1 with stn

Accuracy (0): 0.227
[ 0.3649694   0.0799844   0.23069403 -0.0949844   0.75124598  0.05322985]
Accuracy (1): 0.663
[ 0.61276591  0.05179996  0.24195476 -0.00241442  0.73229259  0.06558344]
Accuracy (2): 0.757
[ 0.61848623  0.01141303  0.24265993 -0.04608582  0.7639482   0.08200098]
Accuracy (3): 0.813
[ 0.63105172 -0.04548948  0.24308893 -0.03567427  0.78263879  0.05459838]
Accuracy (4): 0.827
[ 0.64623809 -0.05945378  0.19785064 -0.04818194  0.78628135  0.07124647]
Accuracy (5): 0.871
[ 0.64164823 -0.04800594  0.2613211  -0.04371134  0.77991986  0.0519454 ]
Accuracy (6): 0.891
[ 0.65143466 -0.05695935  0.23172092 -0.03800059  0.78819174  0.06732337]
Accuracy (7): 0.898
[ 0.64162952 -0.08491571  0.23841853 -0.02633406  0.78423607  0.05809521]
Accuracy (8): 0.901
[ 0.62798429 -0.05448673  0.26280811 -0.04792209  0.78752804  0.07187793]
Accuracy (9): 0.916
[ 0.63738    -0.07760411  0.23998149 -0.04743154  0.78193724  0.100421  ]
[ 0.63738    -0.07760411  0.23998149 -0.04743154  0.78193724  0.100421  ]


Run 1 without stn

Accuracy (3): 0.51
[ 0.76159418  0.          0.          0.          0.76159418  0.        ]
Accuracy (4): 0.606
[ 0.76159418  0.          0.          0.          0.76159418  0.        ]
Accuracy (5): 0.656
[ 0.76159418  0.          0.          0.          0.76159418  0.        ]
Accuracy (6): 0.713
[ 0.76159418  0.          0.          0.          0.76159418  0.        ]
Accuracy (7): 0.731
[ 0.76159418  0.          0.          0.          0.76159418  0.        ]
Accuracy (8): 0.744
[ 0.76159418  0.          0.          0.          0.76159418  0.        ]
Accuracy (9): 0.759
[ 0.76159418  0.          0.          0.          0.76159418  0.        ]
[ 0.76159418  0.          0.          0.          0.76159418  0.        ]


Run with 3 layer STN of nodes 36, 18, 6 with dropout between layers 1 and 2

Accuracy (0): 0.21
[ 0.51407093 -0.13851991  0.03952792 -0.03356577  0.78486693 -0.03517539]
Accuracy (1): 0.518
[ 0.69612366 -0.01492431  0.06194041 -0.07377078  0.83483934 -0.00283797]
Accuracy (2): 0.623
[  6.94226921e-01   2.82726280e-04   8.32061470e-02  -6.77663982e-02
   8.51138771e-01  -8.44435021e-03]
Accuracy (3): 0.701
[  6.59780025e-01  -5.55440609e-04  -3.04059591e-02  -9.42409486e-02
   8.46364379e-01  -4.64168042e-02]
Accuracy (4): 0.753
[  6.38526440e-01   1.45308659e-04  -2.99376808e-02  -9.13946107e-02
   8.06784809e-01   8.22007209e-02]
Accuracy (5): 0.787
[ 0.6424436   0.03028484  0.03037019 -0.08495083  0.80954015  0.04195525]
Accuracy (6): 0.824
[ 0.64142269 -0.00906989  0.02654111 -0.07050091  0.80820447  0.04300155]
Accuracy (7): 0.826
[ 0.64668804  0.00540098  0.05042673 -0.08144383  0.81004822  0.04005813]
Accuracy (8): 0.839
[ 0.64228773  0.01240649 -0.01658937 -0.08017093  0.79285979  0.06400974]
Accuracy (9): 0.841
[ 0.63292015 -0.02089679 -0.01421315 -0.07597048  0.80140722  0.06109685]
Accuracy (10): 0.853
[ 0.60444164 -0.00926185 -0.04542616 -0.06658398  0.7891261   0.06630734]
Accuracy (11): 0.84
[ 0.6295346  -0.00233439  0.03069654 -0.07960445  0.80156261  0.03506374]
Accuracy (12): 0.846
[ 0.62521082 -0.01847313  0.01066619 -0.07844     0.7972129   0.05913839]
Accuracy (13): 0.857
[ 0.61821133 -0.0250528   0.02671276 -0.07509553  0.79689258  0.06006068]
Accuracy (14): 0.851
[ 0.62246925 -0.01467091  0.05370243 -0.0860761   0.79354495  0.04000463]
[ 0.62246925 -0.01467091  0.05370243 -0.0860761   0.79354495  0.04000463]