cnn only run
iters per epoch: 50
number of epochs 400

Predicted   0    1    2    3   4   5   6    7   8    9   All
Actual                                                      
0          76    2    4    1   0   0   4    2   1    1    91
1           0  114    0    1   0   1   3    3   2    1   125
2           1    1   89    5   0   1   2    3   2    0   104
3           3    3    6   70   2   5   1    2   3    6   101
4           2    0    0    0  83   2   2    1   1    5    96
5           4    3    3    8   3  61   3    2  10    5   102
6           1    1    2    2   4   0  65    0   1    0    76
7           1    0    3    5   1   0   0   85   1    3    99
8           0    2    0    7   0   8   0    7  66    5    95
9           0    3    3    3   4   1   0    5   6   86   111
All        88  129  110  102  97  79  80  110  93  112  1000

correctly predicted 795
out of 1000

Indices of wrong images: [5, 6, 8, 11, 13, 14, 19, 24, 25, 43, 53, 55, 57, 58, 70, 72, 75, 77, 85, 88, 89, 94, 98, 104, 107, 121, 125, 128, 132, 135, 136, 138, 140, 149, 152, 155, 168, 169, 185, 189, 200, 209, 212, 215, 219, 226, 227, 230, 231, 235, 237, 240, 249, 269, 281, 285, 286, 287, 289, 296, 306, 311, 312, 316, 326, 333, 337, 343, 346, 354, 359, 360, 362, 369, 377, 384, 385, 396, 403, 404, 407, 413, 416, 417, 418, 420, 425, 426, 431, 432, 443, 446, 457, 461, 464, 465, 466, 467, 477, 478, 481, 482, 484, 485, 488, 505, 514, 515, 520, 530, 536, 542, 543, 546, 566, 572, 576, 579, 581, 583, 586, 592, 593, 603, 606, 608, 616, 628, 630, 636, 640, 644, 645, 646, 647, 649, 657, 663, 672, 673, 688, 695, 698, 700, 710, 712, 717, 732, 734, 735, 739, 745, 747, 750, 752, 757, 773, 778, 780, 783, 789, 792, 794, 800, 806, 810, 821, 823, 836, 839, 840, 841, 859, 862, 865, 873, 875, 878, 879, 880, 883, 884, 886, 888, 893, 894, 895, 902, 905, 919, 922, 929, 942, 944, 954, 956, 957, 961, 962, 965, 966, 972, 978, 980, 988]
