cnn only run
iters per epoch: 50
number of epochs 500

Predicted   0    1    2   3   4   5   6    7   8    9   All
Actual                                                     
0          73    3    3   0   1   1   4    3   1    2    91
1           0  117    2   0   2   0   1    1   1    1   125
2           2    0   88   4   0   0   2    4   3    1   104
3           1    1    6  76   2   6   0    4   4    1   101
4           0    2    0   2  78   0   1    3   1    9    96
5           3    5    1   8   0  76   2    0   3    4   102
6           1    3    1   0   1   3  64    1   2    0    76
7           0    0    1   3   1   1   0   89   0    4    99
8           1    1    3   4   0   3   6    5  69    3    95
9           2    1    2   0   3   2   1   10   4   86   111
All        83  133  107  97  88  92  81  120  88  111  1000

correctly predicted 816
out of 1000

Indices of wrong images: [5, 13, 25, 30, 35, 38, 55, 58, 60, 64, 68, 72, 75, 80, 89, 90, 98, 121, 125, 132, 135, 138, 140, 149, 152, 168, 169, 171, 184, 185, 189, 199, 201, 209, 215, 216, 217, 220, 222, 230, 240, 241, 255, 256, 268, 273, 283, 285, 287, 296, 301, 316, 319, 322, 337, 340, 343, 353, 362, 365, 369, 371, 376, 384, 385, 411, 417, 418, 420, 426, 429, 430, 432, 433, 435, 441, 442, 447, 451, 463, 465, 466, 467, 473, 477, 488, 493, 497, 500, 505, 511, 514, 515, 517, 518, 520, 564, 572, 573, 576, 578, 581, 583, 602, 603, 606, 608, 615, 628, 629, 633, 635, 645, 646, 647, 663, 667, 673, 675, 684, 693, 695, 704, 710, 712, 713, 717, 724, 730, 732, 736, 739, 744, 745, 750, 752, 757, 762, 768, 775, 776, 781, 789, 791, 800, 802, 804, 806, 810, 819, 823, 825, 835, 838, 841, 849, 857, 859, 868, 877, 878, 880, 883, 890, 893, 895, 898, 899, 915, 919, 922, 939, 942, 956, 957, 962, 967, 972, 978, 980, 983, 985, 997, 998]
