cnn only run
iters per epoch: 50
number of epochs 500

Predicted   0    1    2   3   4   5   6   7   8    9   All
Actual                                                    
0          80    1    2   0   2   1   3   0   1    1    91
1           1  118    1   1   2   0   0   1   1    0   125
2           2    0   93   3   1   1   0   2   2    0   104
3           2    0    2  77   2   8   1   2   5    2   101
4           0    4    1   0  78   0   0   1   1   11    96
5           0    1    1   2   0  80   3   0   9    6   102
6           0    2    0   0   2   0  69   1   2    0    76
7           1    1    3   2   3   0   0  81   0    8    99
8           0    1    2   8   0   4   2   1  74    3    95
9           2    0    0   1   3   2   0   2   3   98   111
All        88  128  105  94  93  96  78  91  98  129  1000

correctly predicted 848
out of 1000

Indices of wrong images: [2, 13, 18, 28, 30, 35, 38, 42, 43, 51, 53, 55, 57, 58, 68, 72, 75, 90, 98, 104, 109, 117, 121, 125, 128, 135, 137, 140, 152, 153, 157, 168, 174, 183, 185, 189, 191, 201, 209, 215, 220, 222, 226, 227, 230, 246, 268, 281, 285, 287, 289, 296, 300, 319, 328, 337, 340, 345, 353, 362, 384, 385, 395, 396, 405, 407, 413, 418, 420, 425, 426, 441, 443, 447, 451, 453, 463, 466, 473, 493, 505, 511, 515, 536, 546, 566, 572, 573, 576, 578, 579, 581, 583, 603, 606, 608, 626, 628, 629, 630, 638, 645, 646, 647, 663, 677, 684, 688, 693, 695, 710, 716, 717, 736, 739, 745, 747, 750, 752, 757, 762, 775, 776, 789, 800, 802, 804, 806, 823, 841, 857, 859, 865, 867, 883, 890, 901, 903, 906, 919, 922, 928, 929, 941, 956, 957, 962, 978, 980, 983, 985, 997]
