cnn only run
iters per epoch: 50
number of epochs 100

Predicted   0    1    2   3   4   5   6    7   8    9   All
Actual                                                     
0          76    0    0   3   0   2   3    0   5    2    91
1           0  111    0   1   1   0   2    3   4    3   125
2           0    3   90   2   1   0   4    3   1    0   104
3           1    5    7  65   1   6   0    6   4    6   101
4           0    0    2   2  78   1   5    0   0    8    96
5           4    2    4   6   3  66   1    2  11    3   102
6           0    0    1   1   3   4  61    1   4    1    76
7           0    0    4   3   2   1   0   85   0    4    99
8           0    4    1  10   1   6   2    7  62    2    95
9           1    4    1   3   5   4   0    3   6   84   111
All        82  129  110  96  95  90  78  110  97  113  1000

correctly predicted 778
out of 1000

Indices of wrong images: [5, 6, 8, 13, 14, 15, 19, 21, 25, 30, 38, 43, 51, 52, 53, 55, 60, 64, 66, 68, 70, 75, 77, 88, 89, 90, 98, 104, 109, 116, 121, 123, 124, 125, 128, 132, 135, 136, 137, 138, 140, 144, 152, 155, 163, 168, 169, 171, 185, 189, 190, 200, 202, 205, 209, 211, 212, 215, 217, 219, 227, 230, 235, 237, 249, 251, 269, 285, 296, 300, 311, 312, 314, 315, 316, 319, 326, 337, 340, 343, 351, 360, 362, 369, 383, 384, 396, 403, 407, 412, 413, 417, 418, 420, 426, 431, 432, 433, 440, 441, 446, 453, 454, 455, 457, 461, 464, 466, 467, 473, 477, 482, 486, 488, 501, 511, 515, 518, 520, 524, 530, 531, 542, 543, 558, 563, 566, 572, 573, 576, 579, 580, 581, 583, 590, 592, 593, 599, 602, 603, 606, 608, 614, 616, 623, 628, 629, 630, 638, 644, 645, 646, 647, 649, 652, 657, 663, 686, 695, 698, 712, 717, 732, 735, 739, 745, 746, 750, 751, 752, 762, 773, 776, 778, 780, 789, 792, 798, 800, 806, 809, 810, 823, 835, 839, 840, 841, 849, 859, 860, 871, 874, 875, 878, 880, 883, 886, 894, 902, 904, 905, 915, 919, 922, 923, 924, 939, 942, 944, 948, 950, 956, 957, 961, 962, 965, 971, 972, 978, 983, 987, 989]
