cnn only run
iters per epoch: 50
number of epochs 300

Predicted   0    1    2   3   4   5   6    7   8    9   All
Actual                                                     
0          75    4    1   0   2   0   6    1   1    1    91
1           1  118    0   0   1   1   1    1   1    1   125
2           1    0   89   4   1   0   2    4   3    0   104
3           0    1    3  85   1   4   0    2   2    3   101
4           0    4    0   0  75   0   4    2   1   10    96
5           2    2    2   3   0  82   2    1   5    3   102
6           0    2    2   0   2   2  67    0   1    0    76
7           0    1    2   2   3   0   0   87   0    4    99
8           0    0    1   2   0   2   3    4  79    4    95
9           3    1    0   1   2   3   0    3   5   93   111
All        82  133  100  97  87  94  85  105  98  119  1000

correctly predicted 850
out of 1000

Indices of wrong images: [8, 13, 18, 25, 42, 43, 48, 64, 68, 70, 75, 96, 98, 104, 109, 112, 117, 121, 125, 128, 133, 137, 169, 171, 174, 185, 189, 190, 201, 209, 215, 216, 219, 220, 222, 227, 241, 249, 252, 256, 269, 283, 285, 296, 300, 314, 316, 337, 340, 346, 353, 359, 362, 363, 369, 376, 380, 384, 395, 396, 402, 417, 420, 424, 426, 439, 441, 443, 461, 463, 464, 465, 466, 477, 488, 493, 496, 497, 505, 520, 536, 543, 566, 572, 573, 576, 578, 581, 583, 590, 592, 599, 606, 608, 628, 630, 645, 646, 647, 657, 663, 675, 695, 710, 712, 717, 725, 730, 739, 745, 747, 750, 752, 757, 759, 773, 776, 779, 789, 800, 802, 806, 810, 821, 823, 838, 841, 849, 857, 863, 865, 868, 874, 890, 899, 901, 902, 913, 915, 919, 922, 929, 942, 956, 957, 962, 963, 980, 983, 985]
