cnn only run
iters per epoch: 50
number of epochs 100

Predicted   0    1    2    3   4   5   6    7    8    9   All
Actual                                                       
0          74    1    3    2   0   4   1    1    2    3    91
1           0  112    0    1   1   0   2    2    5    2   125
2           0    1   93    3   2   2   1    1    1    0   104
3           3    3    8   71   1   5   0    1    5    4   101
4           0    0    2    0  78   3   2    2    1    8    96
5           2    2    5   10   1  55   1    2   18    6   102
6           1    0    3    0   5   3  61    0    3    0    76
7           0    1    3    1   0   1   0   90    1    2    99
8           0    3    0   12   0   8   1    6   63    2    95
9           1    2    0    2   3   2   1    3    7   90   111
All        81  125  117  102  91  83  70  108  106  117  1000

correctly predicted 787
out of 1000

Indices of wrong images: [5, 6, 8, 11, 13, 14, 19, 22, 24, 35, 43, 52, 53, 55, 57, 60, 64, 66, 68, 70, 72, 73, 75, 77, 85, 88, 89, 96, 98, 104, 107, 109, 121, 125, 128, 132, 136, 137, 138, 140, 144, 152, 163, 168, 169, 174, 183, 185, 189, 190, 200, 201, 209, 215, 217, 219, 226, 227, 230, 235, 249, 269, 285, 296, 300, 311, 312, 316, 322, 326, 327, 332, 337, 340, 343, 359, 360, 361, 362, 369, 377, 383, 384, 396, 404, 407, 412, 413, 417, 418, 420, 425, 426, 429, 431, 432, 433, 441, 445, 446, 453, 457, 458, 461, 464, 466, 467, 473, 477, 478, 481, 482, 488, 505, 511, 515, 520, 524, 530, 536, 542, 543, 558, 563, 566, 572, 575, 576, 579, 580, 581, 583, 592, 593, 599, 608, 616, 623, 628, 629, 630, 638, 640, 644, 645, 646, 647, 649, 656, 657, 663, 686, 688, 690, 695, 700, 704, 710, 712, 717, 732, 735, 739, 745, 750, 752, 773, 776, 778, 780, 789, 791, 800, 802, 806, 807, 823, 839, 840, 841, 849, 857, 859, 860, 871, 874, 875, 878, 880, 883, 888, 893, 894, 902, 905, 919, 922, 924, 929, 939, 942, 944, 956, 961, 962, 964, 965, 967, 972, 975, 977, 978, 982]
