cnn only run
iters per epoch: 50
number of epochs 300

Predicted   0    1   2   3   4    5   6    7    8    9   All
Actual                                                      
0          76    1   1   0   2    3   3    3    1    1    91
1           1  119   0   1   1    0   0    1    2    0   125
2           2    1  85   5   2    3   3    1    2    0   104
3           1    1   2  72   0   12   0    3    9    1   101
4           0    2   2   0  74    1   2    2    2   11    96
5           1    1   2   5   3   81   3    0    4    2   102
6           1    1   0   0   5    4  62    0    3    0    76
7           0    4   2   1   1    0   0   82    2    7    99
8           3    0   4   2   1    5   1    5   70    4    95
9           1    0   0   2   5    2   0    6    5   90   111
All        86  130  98  88  94  111  74  103  100  116  1000

correctly predicted 811
out of 1000

Indices of wrong images: [2, 5, 8, 13, 14, 26, 30, 43, 55, 60, 64, 68, 72, 75, 85, 89, 90, 98, 99, 121, 123, 128, 136, 138, 140, 152, 153, 157, 169, 174, 183, 185, 189, 190, 200, 201, 206, 209, 211, 213, 215, 216, 219, 220, 222, 226, 227, 230, 241, 252, 253, 256, 259, 269, 272, 283, 285, 296, 300, 301, 316, 319, 330, 337, 341, 362, 369, 370, 380, 384, 385, 395, 402, 405, 413, 416, 420, 424, 426, 430, 432, 435, 441, 447, 463, 466, 467, 477, 488, 494, 497, 505, 511, 517, 520, 530, 536, 557, 566, 568, 572, 573, 575, 576, 578, 579, 581, 583, 590, 605, 606, 608, 610, 626, 628, 629, 640, 645, 646, 647, 648, 649, 657, 673, 686, 687, 693, 695, 698, 710, 712, 713, 716, 718, 731, 735, 736, 739, 745, 747, 750, 752, 757, 768, 773, 776, 778, 781, 789, 791, 802, 806, 810, 821, 823, 838, 840, 841, 846, 849, 857, 858, 859, 865, 866, 868, 873, 880, 886, 889, 890, 894, 897, 901, 902, 910, 917, 919, 922, 929, 939, 942, 944, 955, 956, 957, 978, 985, 987]
