cnn only run
iters per epoch: 50
number of epochs 200

Predicted   0    1    2   3   4   5   6    7   8    9   All
Actual                                                     
0          74    1    3   1   2   3   2    1   4    0    91
1           0  116    0   1   1   0   1    2   3    1   125
2           1    3   91   1   1   2   3    1   0    1   104
3           3    8   10  68   1   5   0    1   2    3   101
4           1    2    0   0  76   0   3    3   1   10    96
5           6    3    5  10   4  64   3    3   4    0   102
6           2    2    1   1   2   1  66    0   1    0    76
7           0    2    5   3   0   0   0   85   1    3    99
8           1    5    0   5   2   5   1    5  69    2    95
9           1    2    1   1   6   1   0    9   5   85   111
All        89  144  116  91  95  81  79  110  90  105  1000

correctly predicted 794
out of 1000

Indices of wrong images: [3, 5, 6, 9, 13, 15, 19, 24, 25, 43, 51, 53, 55, 60, 66, 68, 72, 75, 77, 88, 89, 98, 99, 104, 107, 109, 116, 121, 125, 128, 132, 136, 138, 140, 143, 152, 163, 168, 169, 171, 174, 183, 185, 189, 190, 192, 197, 200, 201, 209, 215, 226, 227, 230, 237, 249, 252, 266, 269, 283, 285, 287, 289, 296, 306, 311, 316, 319, 323, 324, 326, 337, 340, 343, 346, 352, 353, 359, 362, 364, 369, 383, 384, 396, 403, 412, 413, 417, 418, 420, 421, 426, 429, 430, 431, 432, 441, 442, 453, 457, 464, 466, 473, 477, 482, 488, 494, 497, 500, 511, 515, 520, 524, 530, 531, 535, 541, 542, 545, 563, 566, 572, 573, 576, 578, 579, 581, 583, 599, 602, 608, 623, 628, 629, 630, 645, 646, 647, 657, 663, 672, 675, 677, 688, 695, 700, 704, 710, 712, 716, 717, 732, 733, 735, 739, 745, 746, 750, 757, 762, 773, 775, 776, 778, 780, 783, 786, 789, 800, 806, 818, 823, 825, 841, 859, 860, 874, 875, 878, 879, 880, 883, 886, 888, 890, 893, 894, 902, 905, 911, 919, 922, 923, 929, 939, 942, 944, 957, 962, 966, 972, 978, 983, 985, 989, 998]
