cnn only run
iters per epoch: 50
number of epochs 400

Predicted   0    1    2   3    4   5   6    7   8    9   All
Actual                                                      
0          79    1    2   0    2   0   4    1   1    1    91
1           0  114    1   0    3   0   1    5   1    0   125
2           1    0   87   6    1   1   3    2   3    0   104
3           1    1    2  82    0   3   0    2   7    3   101
4           1    2    1   0   83   0   0    2   1    6    96
5           1    3    3   2    1  79   3    1   6    3   102
6           4    2    1   0    4   1  60    0   4    0    76
7           1    1    5   2    2   1   0   83   0    4    99
8           3    1    4   5    4   5   1    4  64    4    95
9           2    2    1   0    2   2   0   10   4   88   111
All        93  127  107  97  102  92  72  110  91  109  1000

correctly predicted 819
out of 1000

Indices of wrong images: [5, 13, 25, 30, 32, 35, 38, 55, 58, 60, 68, 70, 72, 75, 89, 106, 121, 123, 128, 135, 136, 140, 152, 157, 169, 185, 189, 202, 209, 215, 216, 217, 219, 220, 222, 230, 237, 251, 255, 256, 257, 269, 283, 285, 301, 312, 316, 319, 322, 330, 337, 340, 341, 362, 369, 380, 384, 385, 390, 395, 396, 413, 417, 425, 426, 429, 430, 432, 441, 443, 447, 461, 465, 466, 467, 477, 488, 493, 497, 500, 504, 505, 515, 517, 518, 520, 530, 536, 538, 546, 551, 566, 572, 573, 575, 576, 578, 579, 581, 590, 600, 602, 603, 606, 628, 629, 630, 645, 646, 647, 657, 663, 673, 675, 677, 684, 686, 690, 693, 695, 698, 712, 717, 724, 730, 735, 736, 737, 739, 744, 745, 747, 750, 752, 757, 768, 773, 776, 778, 780, 781, 783, 789, 791, 800, 804, 806, 821, 823, 835, 838, 840, 842, 846, 849, 857, 859, 865, 873, 884, 886, 890, 893, 894, 901, 902, 919, 922, 924, 929, 942, 943, 949, 956, 957, 962, 972, 984, 985, 997, 998]
