cnn only run
iters per epoch: 50
number of epochs 400

Predicted   0    1    2   3    4   5   6    7   8    9   All
Actual                                                      
0          73    1    2   3    1   4   3    0   2    2    91
1           0  117    0   0    2   1   2    0   3    0   125
2           0    2   86   1    2   3   4    3   2    1   104
3           3    2    7  70    1   3   0    4   8    3   101
4           1    2    2   0   75   4   2    4   0    6    96
5           4    4    1   9    4  65   3    3   5    4   102
6           0    2    3   0    6   2  57    2   4    0    76
7           1    0    6   4    2   0   0   82   0    4    99
8           1    6    3   3    1   8   1    7  59    6    95
9           0    1    2   2    7   2   2    7   3   85   111
All        83  137  112  92  101  92  74  112  86  111  1000

correctly predicted 769
out of 1000

Indices of wrong images: [5, 6, 13, 15, 19, 24, 25, 30, 43, 51, 55, 60, 64, 66, 68, 70, 75, 85, 88, 89, 90, 96, 98, 104, 109, 121, 123, 125, 128, 132, 135, 136, 138, 140, 144, 152, 155, 161, 168, 169, 171, 174, 189, 190, 200, 202, 205, 211, 212, 215, 216, 217, 219, 226, 227, 229, 230, 237, 249, 252, 253, 266, 269, 285, 287, 289, 296, 306, 311, 314, 316, 319, 323, 326, 337, 340, 341, 343, 346, 359, 362, 369, 370, 379, 383, 384, 391, 395, 396, 404, 405, 407, 413, 416, 418, 420, 424, 426, 430, 431, 432, 440, 441, 453, 455, 457, 461, 464, 467, 478, 482, 483, 488, 501, 507, 511, 515, 520, 524, 530, 531, 535, 536, 542, 546, 557, 566, 568, 570, 572, 575, 576, 578, 579, 580, 581, 583, 585, 586, 590, 602, 603, 607, 610, 614, 616, 623, 626, 628, 629, 630, 636, 644, 645, 646, 647, 649, 654, 663, 673, 676, 681, 686, 688, 700, 701, 710, 712, 717, 718, 732, 735, 739, 742, 745, 746, 747, 750, 752, 754, 759, 773, 775, 776, 778, 780, 789, 791, 792, 798, 804, 806, 810, 823, 831, 836, 839, 859, 874, 875, 878, 880, 883, 890, 894, 904, 905, 906, 915, 922, 928, 929, 939, 942, 944, 948, 955, 956, 957, 961, 962, 965, 967, 971, 972, 978, 980, 982, 987, 989, 998]
