cnn only run
iters per epoch: 50
number of epochs 200

Predicted   0    1    2    3   4   5   6    7   8    9   All
Actual                                                      
0          81    0    0    0   2   1   4    0   0    3    91
1           0  119    1    0   1   0   0    1   0    3   125
2           0    2   89    7   0   0   1    0   4    1   104
3           1    1    2   84   0   6   0    2   3    2   101
4           0    2    2    2  76   0   0    2   2   10    96
5           2    2    0    8   1  77   2    1   6    3   102
6           1    4    0    0   3   3  65    0   0    0    76
7           1    1    2    1   3   0   0   86   0    5    99
8           1    0    4    3   1   6   0    2  68   10    95
9           2    1    0    0   2   0   0    7   2   97   111
All        89  132  100  105  89  93  72  101  85  134  1000

correctly predicted 842
out of 1000

Indices of wrong images: [2, 13, 25, 30, 38, 49, 53, 55, 60, 68, 72, 75, 88, 96, 98, 106, 109, 111, 121, 125, 127, 128, 132, 135, 136, 137, 138, 140, 149, 152, 168, 169, 171, 174, 183, 201, 202, 209, 215, 216, 220, 222, 227, 230, 241, 255, 281, 283, 285, 289, 296, 301, 312, 316, 319, 337, 340, 353, 362, 369, 371, 376, 380, 384, 396, 411, 416, 417, 418, 420, 421, 424, 426, 429, 430, 432, 441, 442, 443, 447, 451, 463, 473, 488, 496, 497, 505, 511, 515, 517, 520, 536, 543, 551, 566, 572, 576, 578, 581, 583, 590, 602, 603, 605, 606, 608, 628, 629, 630, 638, 645, 646, 647, 649, 657, 663, 687, 695, 710, 712, 739, 744, 745, 749, 750, 752, 757, 762, 778, 789, 791, 802, 804, 806, 823, 829, 840, 849, 857, 859, 865, 866, 868, 890, 901, 902, 915, 919, 922, 943, 949, 956, 957, 962, 972, 980, 983, 985]
