cnn only run
iters per epoch: 50
number of epochs 200

Predicted   0    1    2   3   4   5   6    7   8    9   All
Actual                                                     
0          73    2    4   2   0   1   3    1   2    3    91
1           0  114    1   2   1   0   1    2   3    1   125
2           0    3   91   2   1   0   2    2   2    1   104
3           3    4    9  70   2   4   1    4   3    1   101
4           1    2    0   0  75   0   2    4   1   11    96
5           5    3    2   5   1  69   3    3   4    7   102
6           1    1    3   1   2   1  64    0   3    0    76
7           0    3    7   2   0   0   0   84   1    2    99
8           1    5    1   4   2   4   2    7  63    6    95
9           1    1    2   1   5   4   1    4   4   88   111
All        85  138  120  89  89  83  79  111  86  120  1000

correctly predicted 791
out of 1000

Indices of wrong images: [3, 5, 6, 13, 15, 19, 25, 35, 43, 51, 55, 60, 64, 68, 70, 75, 85, 88, 89, 94, 96, 98, 99, 104, 107, 109, 121, 123, 124, 125, 128, 132, 135, 137, 138, 140, 152, 168, 169, 171, 183, 185, 189, 190, 192, 197, 209, 212, 215, 216, 217, 219, 226, 227, 230, 235, 237, 249, 256, 269, 285, 287, 296, 300, 306, 311, 316, 319, 323, 326, 327, 337, 340, 343, 346, 352, 353, 359, 362, 369, 384, 395, 396, 403, 412, 413, 416, 417, 418, 420, 426, 429, 430, 432, 441, 446, 466, 468, 473, 477, 482, 484, 486, 488, 494, 501, 505, 507, 511, 515, 520, 524, 530, 536, 542, 558, 566, 572, 573, 576, 578, 579, 581, 583, 586, 590, 606, 608, 626, 628, 629, 630, 633, 644, 645, 646, 647, 649, 654, 657, 663, 672, 675, 681, 688, 695, 698, 710, 712, 716, 717, 730, 732, 735, 739, 745, 746, 749, 750, 752, 762, 773, 778, 779, 780, 786, 789, 791, 792, 800, 806, 809, 810, 818, 823, 825, 836, 839, 841, 859, 874, 875, 878, 880, 883, 894, 904, 905, 915, 919, 922, 929, 939, 942, 943, 944, 954, 956, 957, 961, 962, 972, 976, 978, 980, 985, 989, 994, 998]
