cnn only run
iters per epoch: 50
number of epochs 300

Predicted   0    1    2   3   4   5   6    7    8    9   All
Actual                                                      
0          78    1    2   0   2   0   4    2    1    1    91
1           0  115    2   0   2   0   3    3    0    0   125
2           1    1   88   5   0   1   4    1    2    1   104
3           2    0    4  77   1   3   0    2    9    3   101
4           0    3    2   0  75   0   3    2    2    9    96
5           4    3    1   4   0  73   2    1    7    7   102
6           1    0    1   0   4   4  64    0    2    0    76
7           2    0    2   0   2   2   0   86    0    5    99
8           1    1    4   2   0   2   1    4   76    4    95
9           2    1    0   0   3   2   0    8    4   91   111
All        91  125  106  88  89  87  81  109  103  121  1000

correctly predicted 823
out of 1000

Indices of wrong images: [5, 8, 13, 15, 25, 38, 50, 53, 55, 60, 64, 68, 72, 75, 98, 117, 121, 123, 136, 137, 140, 143, 152, 153, 157, 169, 174, 183, 185, 189, 199, 209, 215, 216, 220, 227, 230, 237, 241, 255, 268, 281, 285, 288, 289, 296, 300, 301, 312, 316, 319, 326, 337, 340, 346, 353, 362, 369, 376, 384, 385, 396, 405, 411, 413, 418, 420, 421, 424, 426, 429, 430, 441, 443, 447, 451, 461, 463, 464, 466, 467, 473, 477, 481, 488, 493, 496, 497, 515, 517, 518, 520, 543, 546, 551, 563, 566, 572, 573, 576, 578, 581, 583, 590, 602, 604, 606, 608, 610, 628, 630, 633, 643, 645, 646, 647, 649, 657, 663, 673, 684, 687, 688, 695, 698, 710, 716, 718, 724, 730, 739, 744, 745, 747, 750, 752, 757, 775, 776, 778, 785, 789, 791, 801, 802, 806, 810, 823, 829, 835, 841, 849, 857, 859, 865, 866, 867, 871, 874, 875, 886, 890, 899, 901, 910, 915, 919, 922, 939, 942, 943, 956, 957, 962, 983, 985, 998]
