cnn only run
iters per epoch: 50
number of epochs 500

Predicted   0    1    2   3   4   5   6   7   8    9   All
Actual                                                    
0          76    3    2   0   2   2   2   1   2    1    91
1           0  122    1   0   1   0   0   0   1    0   125
2           0    2   95   1   1   0   2   2   1    0   104
3           2    1   11  69   2   3   1   3   8    1   101
4           0    3    0   0  80   0   1   2   1    9    96
5           2    2    2   3   3  75   2   1   7    5   102
6           0    1    4   0   5   2  64   0   0    0    76
7           0    2    7   1   2   0   0  81   0    6    99
8           2    4    2   1   0   1   3   2  74    6    95
9           1    2    2   1   3   2   0   4   2   94   111
All        83  142  126  76  99  85  75  96  96  122  1000

correctly predicted 830
out of 1000

Indices of wrong images: [2, 3, 6, 13, 14, 16, 25, 28, 30, 35, 38, 43, 50, 51, 60, 68, 72, 75, 89, 94, 96, 98, 106, 121, 122, 123, 125, 128, 135, 138, 140, 152, 168, 169, 171, 174, 175, 183, 185, 189, 200, 202, 205, 209, 215, 220, 222, 223, 227, 230, 237, 269, 285, 287, 296, 306, 308, 311, 314, 316, 322, 324, 337, 340, 343, 353, 362, 369, 371, 384, 385, 395, 396, 412, 418, 420, 424, 426, 432, 441, 442, 463, 464, 467, 473, 477, 484, 496, 501, 505, 529, 536, 543, 551, 557, 566, 572, 573, 576, 578, 579, 581, 583, 590, 606, 608, 614, 623, 626, 628, 629, 633, 644, 645, 646, 647, 649, 663, 667, 675, 688, 695, 698, 712, 717, 735, 739, 745, 747, 750, 751, 752, 757, 766, 776, 786, 789, 800, 802, 803, 806, 823, 836, 841, 857, 859, 875, 878, 879, 880, 883, 886, 890, 894, 901, 902, 903, 906, 919, 922, 929, 940, 942, 956, 957, 972, 983, 985, 989, 997]
