cnn only run
iters per epoch: 50
number of epochs 100

Predicted   0    1    2   3    4    5   6    7   8    9   All
Actual                                                       
0          75    0    3   0    1    1   6    1   2    2    91
1           0  114    2   0    4    0   1    1   2    1   125
2           0    0   97   2    2    1   0    0   2    0   104
3           2    0    3  81    0   10   0    3   1    1   101
4           0    1    1   0   85    0   1    2   0    6    96
5           2    3    1   5    1   82   1    1   4    2   102
6           0    0    0   0    5    3  66    1   0    1    76
7           0    0    3   0    5    1   0   83   0    7    99
8           2    1    2   3    1    3   3    5  71    4    95
9           2    0    0   0    6    1   0    4   2   96   111
All        83  119  112  91  110  102  78  101  84  120  1000

correctly predicted 850
out of 1000

Indices of wrong images: [2, 8, 13, 25, 30, 32, 35, 55, 60, 64, 68, 72, 75, 83, 98, 99, 117, 121, 122, 127, 137, 140, 152, 168, 169, 189, 202, 209, 215, 216, 219, 220, 222, 227, 230, 240, 241, 249, 255, 256, 269, 283, 285, 300, 314, 316, 319, 330, 337, 340, 343, 369, 371, 377, 384, 385, 395, 396, 402, 411, 417, 420, 421, 424, 426, 429, 435, 441, 443, 447, 461, 463, 465, 466, 473, 487, 488, 493, 497, 500, 505, 515, 518, 520, 536, 563, 572, 576, 578, 581, 583, 590, 592, 606, 608, 628, 629, 630, 638, 645, 646, 647, 663, 673, 687, 693, 706, 710, 712, 717, 718, 732, 736, 739, 744, 745, 747, 750, 752, 757, 776, 789, 791, 802, 806, 810, 823, 841, 849, 857, 859, 862, 863, 890, 894, 895, 897, 901, 903, 906, 915, 919, 922, 929, 941, 942, 957, 962, 972, 985]
