stn+cnn run
iters per epoch: 50
number of epochs: 200




 Final Theta Values for Layer 1:
[ 0.5079807  -0.02282287 -0.26040405  0.05916253  0.61381668  0.19239767]


Predicted   0    1   2    3   4    5   6    7   8    9   All
Actual                                                      
0          85    0   0    0   0    1   2    0   1    2    91
1           1  120   1    0   1    1   0    0   1    0   125
2           0    4  94    1   1    0   1    2   1    0   104
3           0    0   1   95   0    3   0    0   2    0   101
4           0    2   0    0  84    0   0    1   1    8    96
5           0    0   0    2   2   94   2    0   2    0   102
6           0    1   1    0   1    2  70    0   1    0    76
7           0    1   0    2   0    0   0   96   0    0    99
8           0    1   0    0   0    1   2    3  88    0    95
9           2    0   0    0   1    1   0    0   1  106   111
All        88  129  97  100  90  103  77  102  98  116  1000

correctly predicted 932
out of 1000

Indices of wrong images: [5, 13, 60, 68, 75, 88, 128, 132, 136, 137, 152, 153, 163, 174, 189, 205, 215, 238, 241, 268, 269, 283, 296, 297, 300, 313, 316, 390, 395, 402, 420, 430, 441, 488, 520, 524, 528, 566, 578, 579, 583, 585, 606, 608, 626, 629, 645, 646, 647, 663, 687, 688, 717, 721, 726, 789, 791, 800, 859, 868, 902, 903, 919, 922, 927, 942, 962, 980]
