stn+cnn run
iters per epoch: 50
number of epochs: 500




 Final Theta Values for Layer 1:
[ 0.55349249  0.08077701 -0.18063739 -0.20779018  0.76724017  0.03074037]


Predicted   0    1    2   3   4    5   6    7    8    9   All
Actual                                                       
0          89    0    0   0   0    0   1    0    0    1    91
1           0  123    0   0   1    0   0    0    1    0   125
2           0    0  102   0   1    0   0    0    1    0   104
3           0    0    2  93   0    4   0    0    1    1   101
4           0    1    0   0  92    0   0    0    0    3    96
5           1    0    0   1   0   96   0    2    2    0   102
6           0    1    0   0   0    2  73    0    0    0    76
7           0    0    0   0   0    0   0   97    0    2    99
8           0    0    0   0   0    0   0    1   94    0    95
9           0    0    0   0   0    1   1    0    2  107   111
All        90  125  104  94  94  103  75  100  101  114  1000

correctly predicted 966
out of 1000

Indices of wrong images: [96, 98, 132, 140, 152, 157, 202, 230, 268, 271, 296, 337, 413, 418, 420, 467, 488, 520, 566, 578, 579, 608, 688, 789, 791, 792, 829, 883, 894, 902, 919, 941, 942, 961]
