stn+cnn run
iters per epoch: 50
number of epochs: 300




 Final Theta Values for Layer 1:
[ 0.59366244 -0.00748605 -0.19396566 -0.20402844  0.74105704  0.03039887]


Predicted   0    1    2    3   4    5   6   7   8    9   All
Actual                                                      
0          88    1    0    0   0    0   1   0   1    0    91
1           0  122    1    0   0    0   1   0   1    0   125
2           0    0  101    0   0    1   0   0   2    0   104
3           0    0    1   98   0    1   0   0   0    1   101
4           0    2    1    0  89    0   1   0   0    3    96
5           0    0    1    3   0   96   0   1   1    0   102
6           0    0    2    0   1    2  70   0   1    0    76
7           0    0    0    1   0    0   0  97   0    1    99
8           1    0    0    0   0    0   0   1  93    0    95
9           0    0    0    0   1    0   0   0   0  110   111
All        89  125  107  102  91  100  73  99  99  115  1000

correctly predicted 964
out of 1000

Indices of wrong images: [13, 68, 128, 140, 144, 152, 153, 169, 230, 296, 418, 420, 488, 489, 520, 566, 583, 585, 608, 626, 646, 687, 688, 750, 789, 791, 802, 823, 829, 857, 859, 881, 919, 922, 942, 961]
