stn+cnn run
iters per epoch: 50
number of epochs: 300




 Final Theta Values for Layer 1:
[ 0.52784169 -0.09985798 -0.20439781  0.03177135  0.62490362  0.12586714]


Predicted   0    1    2    3   4    5   6   7    8    9   All
Actual                                                       
0          87    0    0    0   0    1   2   0    1    0    91
1           0  122    0    1   0    0   1   0    1    0   125
2           0    0  101    0   0    0   0   1    1    1   104
3           0    0    0   98   0    0   0   0    3    0   101
4           0    0    0    0  87    1   0   1    1    6    96
5           0    0    0    2   0   96   2   1    1    0   102
6           0    0    1    0   1    2  69   0    3    0    76
7           0    0    3    1   0    1   0  93    0    1    99
8           0    1    2    0   0    1   0   3   87    1    95
9           1    0    0    0   1    3   0   0    4  102   111
All        88  123  107  102  89  105  74  99  102  111  1000

correctly predicted 942
out of 1000

Indices of wrong images: [5, 55, 60, 68, 75, 98, 128, 137, 139, 140, 152, 157, 168, 169, 174, 189, 192, 238, 296, 316, 323, 337, 413, 420, 432, 441, 465, 488, 566, 572, 581, 585, 626, 646, 647, 657, 663, 712, 721, 726, 739, 759, 773, 789, 791, 792, 800, 804, 823, 859, 875, 906, 919, 922, 929, 942, 962, 983]
