stn+cnn run
iters per epoch: 50
number of epochs: 200




 Final Theta Values for Layer 1:
[ 0.66139221  0.02207912 -0.24404132 -0.02381481  0.72865415  0.08614703]


Predicted   0    1    2    3   4    5   6   7   8    9   All
Actual                                                      
0          87    0    1    0   0    2   1   0   0    0    91
1           1  123    0    0   0    0   0   0   1    0   125
2           0    0  100    2   0    0   0   0   2    0   104
3           1    0    1   97   0    1   0   0   0    1   101
4           0    0    0    0  92    1   0   0   0    3    96
5           1    0    0    2   0   95   1   1   1    1   102
6           1    1    2    0   0    1  71   0   0    0    76
7           0    0    1    2   0    0   0  96   0    0    99
8           0    0    1    2   1    3   0   0  88    0    95
9           1    0    0    1   1    2   0   1   0  105   111
All        92  124  106  106  94  105  73  98  92  110  1000

correctly predicted 954
out of 1000

Indices of wrong images: [25, 51, 68, 89, 98, 128, 140, 144, 152, 169, 174, 230, 337, 396, 402, 420, 484, 520, 566, 579, 581, 590, 592, 608, 628, 646, 647, 663, 688, 690, 717, 721, 726, 789, 792, 804, 857, 859, 866, 883, 903, 919, 929, 942, 957, 962]
