stn+cnn run
iters per epoch: 50
number of epochs: 100




 Final Theta Values for Layer 1:
[ 0.55949128 -0.03073756 -0.14529839 -0.06496752  0.64624983  0.15488872]


Predicted   0    1    2    3   4   5   6    7    8    9   All
Actual                                                       
0          86    0    1    0   0   1   2    0    0    1    91
1           1  121    0    0   0   0   0    0    3    0   125
2           0    1   94    2   0   0   0    4    3    0   104
3           0    0    3   92   0   0   0    2    3    1   101
4           0    0    0    1  83   0   0    0    2   10    96
5           2    0    1    3   1  91   3    1    0    0   102
6           2    2    3    0   3   0  64    0    2    0    76
7           0    0    1    1   1   1   0   91    1    3    99
8           0    0    1    1   0   1   0    3   89    0    95
9           1    0    0    1   1   1   0    0    4  103   111
All        92  124  104  101  89  95  69  101  107  118  1000

correctly predicted 914
out of 1000

Indices of wrong images: [5, 13, 35, 53, 68, 70, 75, 85, 89, 128, 129, 132, 137, 144, 149, 152, 157, 168, 174, 175, 189, 217, 223, 227, 230, 238, 241, 259, 296, 297, 313, 337, 363, 413, 416, 418, 420, 424, 432, 441, 464, 465, 467, 488, 511, 515, 520, 524, 528, 566, 572, 579, 585, 611, 626, 629, 646, 647, 657, 663, 712, 717, 721, 729, 736, 739, 745, 789, 791, 792, 800, 802, 804, 823, 829, 859, 868, 874, 901, 906, 919, 922, 942, 962, 967, 978]
