stn+cnn run
iters per epoch: 50
number of epochs: 200




 Final Theta Values for Layer 1:
[ 0.63979411 -0.01295629 -0.23929051 -0.01544199  0.72322047  0.06864589]


Predicted   0    1    2   3   4    5   6    7   8    9   All
Actual                                                      
0          89    0    0   0   0    0   1    0   0    1    91
1           0  123    0   0   1    0   1    0   0    0   125
2           0    0  101   0   0    0   0    1   2    0   104
3           0    0    1  98   1    1   0    0   0    0   101
4           0    1    0   0  91    0   0    0   0    4    96
5           1    0    0   0   0   97   0    2   2    0   102
6           0    0    0   0   2    2  72    0   0    0    76
7           0    1    0   0   1    0   0   97   0    0    99
8           0    2    0   0   0    1   0    4  87    1    95
9           0    0    0   0   1    0   0    0   1  109   111
All        90  127  102  98  97  101  74  104  92  115  1000

correctly predicted 964
out of 1000

Indices of wrong images: [5, 53, 98, 128, 152, 174, 209, 215, 216, 238, 268, 269, 287, 296, 300, 343, 396, 432, 441, 488, 505, 520, 566, 579, 608, 646, 657, 688, 786, 823, 829, 859, 883, 919, 922, 942]
