stn+cnn run
iters per epoch: 50
number of epochs: 300




 Final Theta Values for Layer 1:
[ 0.64052343 -0.05909516 -0.23354161 -0.05379821  0.73171353  0.09043492]


Predicted   0    1    2    3   4    5   6    7   8    9   All
Actual                                                       
0          87    0    0    0   0    1   1    2   0    0    91
1           0  124    0    1   0    0   0    0   0    0   125
2           0    0  101    0   0    0   0    0   2    1   104
3           0    0    1   96   0    2   0    0   2    0   101
4           0    1    1    0  89    0   0    0   0    5    96
5           0    0    0    2   1   95   0    2   2    0   102
6           1    1    0    0   0    2  71    0   1    0    76
7           0    0    0    0   0    0   0   97   0    2    99
8           1    0    0    1   0    0   0    3  89    1    95
9           1    0    0    0   1    0   0    0   0  109   111
All        90  126  103  100  91  100  72  104  96  118  1000

correctly predicted 958
out of 1000

Indices of wrong images: [13, 68, 89, 98, 128, 132, 140, 152, 157, 189, 192, 215, 259, 269, 296, 420, 432, 441, 488, 489, 520, 566, 579, 581, 608, 626, 628, 646, 663, 687, 688, 791, 792, 823, 829, 841, 859, 868, 903, 919, 942, 957]
