stn+cnn run
iters per epoch: 50
number of epochs: 400




 Final Theta Values for Layer 1:
[ 0.55901134 -0.03300727 -0.20421545  0.07745026  0.64494371  0.20155698]


Predicted   0    1    2   3   4   5   6    7    8    9   All
Actual                                                      
0          88    0    0   0   0   0   1    0    1    1    91
1           1  122    0   0   0   0   0    1    1    0   125
2           0    0   99   1   0   1   0    1    2    0   104
3           2    0    2  92   0   2   0    0    3    0   101
4           0    2    0   0  84   0   0    0    0   10    96
5           0    0    0   2   0  92   3    2    3    0   102
6           0    1    0   0   0   1  73    0    1    0    76
7           0    0    0   2   1   0   0   96    0    0    99
8           1    1    1   1   0   1   0    1   88    1    95
9           2    0    0   0   2   1   0    0    1  105   111
All        94  126  102  98  87  98  77  101  100  117  1000

correctly predicted 939
out of 1000

Indices of wrong images: [5, 13, 55, 68, 70, 75, 98, 128, 132, 137, 140, 152, 168, 169, 174, 185, 189, 192, 202, 215, 230, 259, 269, 273, 296, 337, 352, 395, 420, 427, 465, 467, 477, 488, 566, 579, 581, 585, 626, 629, 646, 647, 663, 688, 712, 717, 721, 789, 791, 804, 806, 823, 859, 868, 902, 919, 942, 944, 957, 962, 980]
