stn+cnn run
iters per epoch: 50
number of epochs: 400




 Final Theta Values for Layer 1:
[ 0.59624642 -0.08359075 -0.18786535 -0.09734564  0.7402842   0.01855467]


Predicted   0    1    2   3   4   5   6    7   8    9   All
Actual                                                     
0          89    0    0   0   0   0   1    1   0    0    91
1           0  123    0   0   1   0   0    0   1    0   125
2           0    1  101   0   0   0   0    0   2    0   104
3           0    0    3  96   0   1   0    0   1    0   101
4           0    1    1   0  92   0   0    0   0    2    96
5           0    0    0   2   0  94   2    2   2    0   102
6           1    0    0   0   0   2  73    0   0    0    76
7           0    0    0   0   0   0   0   99   0    0    99
8           0    0    1   0   0   0   0    1  93    0    95
9           1    0    0   1   2   0   0    0   0  107   111
All        91  125  106  99  95  97  76  103  99  109  1000

correctly predicted 967
out of 1000

Indices of wrong images: [98, 132, 140, 163, 215, 296, 343, 418, 420, 441, 488, 520, 566, 579, 608, 626, 629, 646, 663, 687, 688, 712, 739, 789, 791, 804, 823, 857, 881, 919, 942, 957, 962]
