stn+cnn run
iters per epoch: 50
number of epochs: 400




 Final Theta Values for Layer 1:
[ 0.5493207   0.01663611 -0.23466641 -0.06670349  0.59684461  0.1362592 ]


Predicted   0    1    2    3   4   5   6    7   8    9   All
Actual                                                      
0          87    0    0    0   0   1   1    1   0    1    91
1           1  120    0    0   2   0   1    0   1    0   125
2           0    0   98    2   0   0   0    2   1    1   104
3           0    0    0   98   0   0   0    0   2    1   101
4           0    0    0    0  85   0   0    1   1    9    96
5           1    0    1    0   0  95   2    1   1    1   102
6           0    0    0    0   2   1  71    0   2    0    76
7           1    0    1    0   0   0   0   96   0    1    99
8           1    0    2    0   0   0   1    3  88    0    95
9           2    0    0    0   1   0   0    1   1  106   111
All        93  120  102  100  90  97  76  105  97  120  1000

correctly predicted 944
out of 1000

Indices of wrong images: [53, 68, 70, 98, 117, 128, 132, 137, 152, 157, 168, 169, 174, 189, 192, 229, 230, 258, 269, 296, 297, 390, 420, 424, 441, 477, 488, 504, 520, 566, 578, 579, 581, 626, 628, 630, 647, 657, 663, 688, 712, 717, 721, 739, 789, 804, 823, 829, 859, 868, 903, 919, 922, 942, 962, 980]
