stn+cnn run
iters per epoch: 50
number of epochs: 500




 Final Theta Values for Layer 1:
[ 0.51865339 -0.06391847 -0.23265699  0.07519493  0.64898098  0.19197732]


Predicted   0    1    2   3   4    5   6    7   8    9   All
Actual                                                      
0          89    0    0   0   0    0   1    1   0    0    91
1           0  122    0   0   2    0   1    0   0    0   125
2           0    0  101   0   0    0   0    1   1    1   104
3           0    0    0  95   0    2   0    1   3    0   101
4           0    0    0   0  91    0   0    1   0    4    96
5           0    0    0   0   0   97   1    1   2    1   102
6           0    1    0   0   1    2  72    0   0    0    76
7           0    0    0   1   0    0   0   97   0    1    99
8           0    0    1   2   0    0   0    2  90    0    95
9           1    0    0   0   1    0   0    0   2  107   111
All        90  123  102  98  95  101  75  104  98  114  1000

correctly predicted 961
out of 1000

Indices of wrong images: [5, 53, 60, 75, 88, 98, 128, 132, 140, 152, 163, 169, 174, 269, 280, 296, 420, 441, 466, 488, 520, 566, 576, 585, 626, 646, 648, 657, 663, 688, 739, 800, 859, 894, 902, 919, 922, 942, 962]
