stn+cnn run
iters per epoch: 50
number of epochs: 500




 Final Theta Values for Layer 1:
[ 0.57281566  0.05785337 -0.18885571 -0.16531074  0.72093213  0.09665227]


Predicted   0    1    2   3   4    5   6    7   8    9   All
Actual                                                      
0          88    0    0   0   0    0   2    0   1    0    91
1           1  123    0   0   0    0   0    0   1    0   125
2           0    0  103   0   0    0   0    0   0    1   104
3           0    0    1  97   0    1   0    0   2    0   101
4           0    1    0   0  88    0   1    0   2    4    96
5           1    0    0   2   0   96   0    1   2    0   102
6           0    1    1   0   0    1  73    0   0    0    76
7           0    0    0   0   0    0   0   99   0    0    99
8           0    0    0   0   0    2   0    3  90    0    95
9           2    0    0   0   1    1   0    0   0  107   111
All        92  125  105  99  89  101  76  103  98  112  1000

correctly predicted 964
out of 1000

Indices of wrong images: [13, 75, 98, 128, 140, 144, 152, 169, 216, 296, 337, 396, 420, 432, 465, 477, 488, 562, 566, 608, 626, 663, 688, 717, 747, 789, 791, 823, 859, 868, 894, 902, 919, 922, 942, 961]
