stn+cnn run
iters per epoch: 50
number of epochs: 100




 Final Theta Values for Layer 1:
[ 0.51712573 -0.10322517 -0.24277985 -0.03727872  0.63474405  0.16022429]


Predicted   0    1    2    3   4   5   6    7    8    9   All
Actual                                                       
0          86    0    0    0   0   1   1    1    2    0    91
1           0  115    0    2   3   0   1    1    3    0   125
2           0    1   96    2   0   0   0    5    0    0   104
3           1    0    1   94   0   1   0    1    3    0   101
4           0    2    0    1  82   0   0    1    1    9    96
5           1    0    1    2   2  91   2    0    3    0   102
6           1    0    2    0   1   2  69    0    1    0    76
7           1    1    0    1   0   0   0   93    0    3    99
8           0    2    1    0   0   0   2    5   84    1    95
9           2    0    0    2   2   2   1    3    3   96   111
All        92  121  101  104  90  97  76  110  100  109  1000

correctly predicted 906
out of 1000

Indices of wrong images: [6, 13, 53, 60, 67, 68, 75, 98, 128, 132, 140, 153, 157, 163, 168, 169, 174, 185, 205, 215, 216, 227, 230, 238, 241, 259, 268, 269, 296, 297, 300, 301, 313, 316, 323, 337, 359, 361, 363, 383, 390, 413, 420, 426, 430, 441, 477, 482, 484, 488, 514, 515, 520, 524, 528, 566, 579, 585, 603, 626, 630, 634, 647, 657, 663, 688, 696, 717, 721, 726, 739, 775, 789, 791, 792, 800, 804, 823, 831, 857, 859, 868, 874, 903, 906, 919, 922, 927, 929, 942, 961, 962, 975, 980]
