stn+cnn run
iters per epoch: 50
number of epochs: 100




 Final Theta Values for Layer 1:
[ 0.55886233  0.00272296 -0.24537903 -0.06900207  0.66869527  0.13384837]


Predicted   0    1    2   3   4    5   6    7    8    9   All
Actual                                                       
0          89    0    0   0   0    0   1    1    0    0    91
1           2  116    1   0   1    0   1    1    3    0   125
2           1    1   95   1   1    0   0    3    1    1   104
3           1    0    3  87   0    2   0    4    4    0   101
4           0    0    0   0  83    0   1    2    0   10    96
5           1    0    0   3   1   91   4    1    0    1   102
6           0    0    2   0   2    5  65    0    2    0    76
7           0    0    1   1   0    0   0   94    1    2    99
8           0    0    0   0   0    1   1    5   88    0    95
9           3    0    1   0   2    1   0    0    2  102   111
All        97  117  103  92  90  100  73  111  101  116  1000

correctly predicted 910
out of 1000

Indices of wrong images: [3, 5, 13, 60, 68, 75, 77, 89, 98, 128, 132, 135, 137, 140, 152, 157, 168, 169, 174, 175, 205, 215, 223, 227, 229, 230, 238, 241, 259, 268, 269, 273, 285, 296, 300, 313, 377, 383, 402, 413, 418, 420, 441, 465, 477, 488, 489, 504, 511, 515, 520, 524, 562, 564, 566, 575, 578, 579, 585, 626, 628, 630, 646, 647, 663, 712, 717, 721, 726, 739, 759, 789, 791, 792, 800, 829, 831, 859, 868, 880, 919, 922, 927, 929, 942, 944, 961, 962, 978, 980]
